{
    "object_rec": 0.6831710709318498,
    "object_prec": 0.8149991703998672,
    "object_f1": 0.7432851630475903,
    "object_f1_stderr": 0.005327478513226404
}