{
    "object_rec": 0.7164116828929068,
    "object_prec": 0.8004662004662004,
    "object_f1": 0.7561100917431193,
    "object_f1_stderr": 0.005183164144810126
}