{
    "object_rec": 0.6280945757997218,
    "object_prec": 0.8428518103770063,
    "object_f1": 0.7197959834236533,
    "object_f1_stderr": 0.005555928960741818
}