{
    "object_rec": 0.670094379490069,
    "object_prec": 0.7583293479993624,
    "object_f1": 0.7114866886030512,
    "object_f1_stderr": 0.005524526339907167
}