{
    "object_rec": 0.6762924355543034,
    "object_prec": 0.7648558228453083,
    "object_f1": 0.7178528708133971,
    "object_f1_stderr": 0.0054859204803397515
}