{
    "object_rec": 0.6662910269051979,
    "object_prec": 0.75825585123437,
    "object_f1": 0.7093049411411861,
    "object_f1_stderr": 0.0055429557309513485
}