{
    "object_rec": 0.6058599802789125,
    "object_prec": 0.7621832358674464,
    "object_f1": 0.6750902527075813,
    "object_f1_stderr": 0.005823653300727356
}