{
    "object_rec": 0.7329624478442281,
    "object_prec": 0.7922429344558027,
    "object_f1": 0.7614506574194481,
    "object_f1_stderr": 0.0051130461948999
}