{
    "object_rec": 0.6908205841446453,
    "object_prec": 0.8169407894736842,
    "object_f1": 0.7486058779201206,
    "object_f1_stderr": 0.0052824014544273715
}