{
    "object_rec": 0.6949930458970793,
    "object_prec": 0.7904144258146156,
    "object_f1": 0.7396388395500296,
    "object_f1_stderr": 0.005316086821887613
}