{
    "object_rec": 0.664673157162726,
    "object_prec": 0.8137238208751916,
    "object_f1": 0.7316849115823317,
    "object_f1_stderr": 0.00542722880459554
}