{
    "object_rec": 0.7255910987482614,
    "object_prec": 0.797950443560722,
    "object_f1": 0.7600524475524476,
    "object_f1_stderr": 0.005139728272547628
}