{
    "object_rec": 0.7336578581363005,
    "object_prec": 0.8119131907034016,
    "object_f1": 0.7708044129465917,
    "object_f1_stderr": 0.005062048394199319
}