{
    "object_rec": 0.7136300417246175,
    "object_prec": 0.8014682911590129,
    "object_f1": 0.7550029429075926,
    "object_f1_stderr": 0.0051957616284718875
}