{
    "object_rec": 0.692489568845619,
    "object_prec": 0.830663997330664,
    "object_f1": 0.7553094660194175,
    "object_f1_stderr": 0.005239787594944185
}