{
    "object_rec": 0.7100139082058414,
    "object_prec": 0.7850222974011994,
    "object_f1": 0.7456364565836558,
    "object_f1_stderr": 0.005248809611669348
}