{
    "object_rec": 0.7090403337969402,
    "object_prec": 0.7750076010945576,
    "object_f1": 0.7405578152237071,
    "object_f1_stderr": 0.0052722166425224265
}