{
    "object_rec": 0.70778859527121,
    "object_prec": 0.8010388792696364,
    "object_f1": 0.7515321568337887,
    "object_f1_stderr": 0.0052277326529856566
}