{
    "object_rec": 0.6913769123783032,
    "object_prec": 0.8143840104849279,
    "object_f1": 0.7478561757183693,
    "object_f1_stderr": 0.005285288096962559
}