{
    "object_rec": 0.5520166898470097,
    "object_prec": 0.919601482854495,
    "object_f1": 0.6899009212584739,
    "object_f1_stderr": 0.005744905525965519
}