{
    "object_rec": 0.47831715210355985,
    "object_prec": 0.3968850698174006,
    "object_f1": 0.4338127384796008,
    "object_f1_stderr": 0.011999948823994242
}