{
    "object_rec": 0.007510431154381085,
    "object_prec": 0.1062992125984252,
    "object_f1": 0.014029618082618862,
    "object_f1_stderr": 0.001895595891105883
}