{
    "object_rec": 0.6844228094575799,
    "object_prec": 0.10957470496548653,
    "object_f1": 0.1889059500959693,
    "object_f1_stderr": 0.0023991655004226577
}