{
    "object_rec": 0.8854368932038835,
    "object_prec": 0.16470021671081145,
    "object_f1": 0.277738300680134,
    "object_f1_stderr": 0.006185251228368306
}