{
    "object_rec": 0.3592233009708738,
    "object_prec": 0.4613466334164589,
    "object_f1": 0.4039301310043668,
    "object_f1_stderr": 0.013225460559461093
}