{
    "object_rec": 0.8194444444444444,
    "object_prec": 0.8805970149253731,
    "object_f1": 0.8489208633093526,
    "object_f1_stderr": 0.04273373563879396
}