{
    "object_rec": 0.8888888888888888,
    "object_prec": 0.8311688311688312,
    "object_f1": 0.8590604026845637,
    "object_f1_stderr": 0.04009807416899256
}