{
    "object_rec": 0.8888888888888888,
    "object_prec": 0.810126582278481,
    "object_f1": 0.847682119205298,
    "object_f1_stderr": 0.04099738008411352
}