{
    "object_rec": 0.8055555555555556,
    "object_prec": 0.8055555555555556,
    "object_f1": 0.8055555555555556,
    "object_f1_stderr": 0.04664222611020807
}