{
    "object_rec": 0.875,
    "object_prec": 0.8076923076923077,
    "object_f1": 0.8400000000000001,
    "object_f1_stderr": 0.04209292046291229
}