{
    "object_rec": 0.8333333333333334,
    "object_prec": 0.7407407407407407,
    "object_f1": 0.7843137254901961,
    "object_f1_stderr": 0.04674717414836196
}