{
    "object_rec": 0.7916666666666666,
    "object_prec": 0.8507462686567164,
    "object_f1": 0.8201438848920863,
    "object_f1_stderr": 0.045912271258691705
}