{
    "object_rec": 0.451125,
    "object_prec": 0.45084322298563395,
    "object_f1": 0.45098406747891284,
    "object_f1_stderr": 0.00556237454079243
}