{
    "object_rec": 0.463375,
    "object_prec": 0.44960582171012736,
    "object_f1": 0.45638658048630343,
    "object_f1_stderr": 0.0055265989516272524
}