{
    "object_rec": 0.314125,
    "object_prec": 0.45790816326530615,
    "object_f1": 0.3726275207591933,
    "object_f1_stderr": 0.00587806936152403
}