{
    "object_rec": 0.023168608544261417,
    "object_prec": 0.030414908579465542,
    "object_f1": 0.026301786393006465,
    "object_f1_stderr": 0.001973211523831968
}