{
    "object_rec": 0.20478299379982284,
    "object_prec": 0.21627689429373245,
    "object_f1": 0.21037306642402182,
    "object_f1_stderr": 0.005498184673885823
}