{
    "object_rec": 0.15943312666076173,
    "object_prec": 0.24725274725274726,
    "object_f1": 0.1938610662358643,
    "object_f1_stderr": 0.005799876364129687
}