{
    "object_rec": 0.670859167404783,
    "object_prec": 0.7798599670510709,
    "object_f1": 0.7212646414627178,
    "object_f1_stderr": 0.006157680087503707
}