{
    "object_rec": 0.18635961027457928,
    "object_prec": 0.21619399917796958,
    "object_f1": 0.20017124916753878,
    "object_f1_stderr": 0.005519166898791179
}