{
    "object_rec": 0.6894596988485385,
    "object_prec": 0.7777777777777778,
    "object_f1": 0.730960653582496,
    "object_f1_stderr": 0.006056592976340886
}