{
    "object_rec": 0.6983170947741364,
    "object_prec": 0.7929993964996982,
    "object_f1": 0.742652599849284,
    "object_f1_stderr": 0.005974637721400212
}