{
    "object_rec": 0.8394822006472492,
    "object_prec": 0.8811141304347826,
    "object_f1": 0.859794497845542,
    "object_f1_stderr": 0.00891449743746139
}