{
    "object_rec": 0.8576051779935275,
    "object_prec": 0.8648825065274152,
    "object_f1": 0.8612284692882679,
    "object_f1_stderr": 0.008812990292727346
}