{
    "object_rec": 0.8621359223300971,
    "object_prec": 0.8734426229508196,
    "object_f1": 0.8677524429967426,
    "object_f1_stderr": 0.008644467896267882
}