{
    "object_rec": 0.5145631067961165,
    "object_prec": 0.517578125,
    "object_f1": 0.5160662122687439,
    "object_f1_stderr": 0.012732518253104688
}