{
    "object_rec": 0.39029126213592236,
    "object_prec": 0.5496809480401094,
    "object_f1": 0.4564723694171083,
    "object_f1_stderr": 0.013667667171008691
}