{
    "object_rec": 0.4343042071197411,
    "object_prec": 0.4284802043422733,
    "object_f1": 0.4313725490196078,
    "object_f1_stderr": 0.012557515758509752
}