{
    "object_rec": 0.7174233293156556,
    "object_prec": 0.773127435416366,
    "object_f1": 0.7442345095859961,
    "object_f1_stderr": 0.005134776640899012
}