{
    "object_rec": 0.7289406722914156,
    "object_prec": 0.7674844895657078,
    "object_f1": 0.7477161892987155,
    "object_f1_stderr": 0.005086797043185095
}