{
    "object_rec": 0.7081826704164993,
    "object_prec": 0.7737781679836113,
    "object_f1": 0.7395287042864135,
    "object_f1_stderr": 0.005179885623508876
}