{
    "object_rec": 0.7218427748761216,
    "object_prec": 0.7679156575010685,
    "object_f1": 0.7441667817202815,
    "object_f1_stderr": 0.005121675324996281
}