{
    "object_rec": 0.7947148817802503,
    "object_prec": 0.7538258575197889,
    "object_f1": 0.7737305348679756,
    "object_f1_stderr": 0.00486392955932172
}