{
    "object_rec": 0.7897079276773297,
    "object_prec": 0.7385535900104059,
    "object_f1": 0.7632746336873237,
    "object_f1_stderr": 0.004921158953900118
}