{
    "object_rec": 0.778164116828929,
    "object_prec": 0.7262461059190031,
    "object_f1": 0.7513092520478044,
    "object_f1_stderr": 0.005002108734003437
}