{
    "object_rec": 0.7870653685674548,
    "object_prec": 0.7640070203861212,
    "object_f1": 0.775364800986504,
    "object_f1_stderr": 0.004883508185150536
}