{
    "object_rec": 0.7719054242002782,
    "object_prec": 0.7307439104674127,
    "object_f1": 0.750760906323977,
    "object_f1_stderr": 0.005026799560693999
}