{
    "object_rec": 0.7738525730180806,
    "object_prec": 0.7472468439430566,
    "object_f1": 0.7603170265099755,
    "object_f1_stderr": 0.004988295972415331
}