{
    "object_rec": 0.7029207232267037,
    "object_prec": 0.8000633211967706,
    "object_f1": 0.748352706004294,
    "object_f1_stderr": 0.005255520797907292
}