{
    "joint_accuracy": 0.18550354280404227,
    "act_rec": 0.40132419560924615,
    "act_prec": 0.685788011115522,
    "act_f1": 0.5063383893896094,
    "act_f1_stderr": 0.005987214622505368,
    "slot_rec": 0.2501984126984127,
    "slot_prec": 0.8787456445993032,
    "slot_f1": 0.38949806949806953,
    "slot_f1_stderr": 0.005826072656690764,
    "request_slot_rec": 0.8624941833410888,
    "request_slot_prec": 0.9262868565717142,
    "request_slot_f1": 0.8932530120481929,
    "request_slot_f1_stderr": 0.004737753440029718,
    "object_rec": 0.6663421418636996,
    "object_prec": 0.837733869557615,
    "object_f1": 0.742272832907274,
    "object_f1_stderr": 0.005363925380379547
}