{
    "object_rec": 0.6881780250347705,
    "object_prec": 0.8151565074135091,
    "object_f1": 0.7463046757164405,
    "object_f1_stderr": 0.005300564005055998
}