{
    "joint_accuracy": 0.1806249274015565,
    "act_rec": 0.38633987687303983,
    "act_prec": 0.6517734665882814,
    "act_f1": 0.4851225204200699,
    "act_f1_stderr": 0.005984533168917986,
    "slot_rec": 0.258234126984127,
    "slot_prec": 0.8685352018685352,
    "slot_f1": 0.3981035405674085,
    "slot_f1_stderr": 0.005828578225911679,
    "request_slot_rec": 0.8613308515588646,
    "request_slot_prec": 0.9259629814907454,
    "request_slot_f1": 0.8924783027965284,
    "request_slot_f1_stderr": 0.004753310692895853,
    "object_rec": 0.6648122392211405,
    "object_prec": 0.8378615249780894,
    "object_f1": 0.7413726250484685,
    "object_f1_stderr": 0.005371871573840652
}