{
    "joint_accuracy": 0.5879893135091183,
    "act_rec": 0.9608549192705308,
    "act_prec": 0.9608549192705308,
    "act_f1": 0.9608549192705308,
    "act_f1_stderr": 0.0020902159218816148,
    "slot_rec": 0.8692460317460318,
    "slot_prec": 0.8823766364551863,
    "slot_f1": 0.8757621189405296,
    "slot_f1_stderr": 0.0032965505507024672,
    "request_slot_rec": 0.8773848301535598,
    "request_slot_prec": 0.9213290984607867,
    "request_slot_f1": 0.8988201644619235,
    "request_slot_f1_stderr": 0.0046277746865892215,
    "object_rec": 0.6659248956884561,
    "object_prec": 0.8395581273014203,
    "object_f1": 0.742728612425347,
    "object_f1_stderr": 0.0053615770942406545
}